ALA -0.258545039023587 -0.349111748214391 -0.324822230230489 -0.444685024547718 -0.412507653223239 -0.252701446613854 -0.245569067487825 -0.1828761076372 -0.0957996373503694 -0.221666896549843 -0.2096672419043 -0.3425491495112 -0.375300245162131 -0.320923726304207 -0.424693089694364 -0.440722584112331 -0.364500122930154 -0.437498539641465 -0.419564246853941 -0.302107005219102 -0.307812983708022 -0.189898508042296 0.040399160985176 0.156997713826856 0.485333638469956 0.698566243576701 1.06177560838314 1.58496519600129 2.06562671525912 2.76344916888948 3.58177750162241 4.22250988106429 4.81774207527799 5.37844842908504
ARG -0.269443828964119 -0.38110119631017 -0.508642644356285 -0.603973426847925 -0.619174790583763 -0.595674330012907 -0.576516562807646 -0.567532626943934 -0.556772916036963 -0.510232483045318 -0.408386572992363 -0.318579850270818 -0.237458706136532 -0.133693055005743 -0.0080289753899411 0.172203755790749 0.362941478055578 0.527334486054335 0.711243092601639 0.904735989162393 1.18984041658023 1.66135344436857 2.15224588186718 2.54143082221758 2.92766626969475 3.50024842376518 4.50489358044171 6 6 6 6 6 6 6
ASP -0.995533589906576 -1.01244846940163 -0.961894176684749 -0.943153072125345 -0.875451438215462 -0.814372958328668 -0.688825576350033 -0.706060417705294 -0.62317198274237 -0.496996954054283 -0.363039021825094 -0.230929435820001 -0.0065179804114335 0.0562904910429087 0.16660318865805 0.265992280645156 0.408158695565596 0.636870441071457 0.965053559658531 1.08981978444511 1.19784760421373 1.37533795927374 1.76200641013002 2.30849540096588 2.91695048904133 3.29283215851373 3.6265927977041 3.81957105104336 4.13015654406487 4.76441510868698 5.36054191158385 5.65888349223068 6 6
ASN -0.742617814747701 -0.844557943842226 -0.775694667103818 -0.879922078014481 -0.789482829027817 -0.79799443708753 -0.644450826905863 -0.650080261293848 -0.50981716523872 -0.506062499382925 -0.35522978146681 -0.35821459109875 -0.196652210627864 -0.163468430238084 0.0206813806607348 0.0693688299948561 0.283338110749898 0.35379706634282 0.598311227800184 0.684333910604489 0.849899328024649 0.888560328759405 1.18186211881352 1.43341160964558 1.96028021727012 2.46073675648338 3.07588768638472 3.39179586646385 3.90163247163349 4.29242761585388 4.58609714752172 4.77863571886754 6 6
CYS 1.46568536699771 1.09937389005928 0.844991371970434 0.679861696950608 0.494477437261935 0.480822788688891 0.35360641667626 0.159957191707077 -0.0211071293099289 -0.151496975640012 -0.278067970722597 -0.422138320923838 -0.545979702714549 -0.621078351273145 -0.665176003069 -0.792976731635719 -0.760243004123079 -0.733080133097605 -0.649838367884125 -0.564810962098139 -0.478028613749336 -0.340328667790713 -0.137487529202493 0.107093844555081 0.398698926955225 0.77863571386667 1.18071925156855 1.69662689743123 1.99476943647473 2.25650269795602 2.65028720863194 3.30966411753438 6 6
GLU -0.874441128712109 -0.855748002580893 -0.833289116109701 -0.895579311907404 -0.909268224511757 -0.775176338221096 -0.746022979824093 -0.728652831706331 -0.543502811289247 -0.486753272451248 -0.264035834259879 -0.0921141902002417 -0.0107168144881253 0.193310428848794 0.401435323537201 0.567584275683037 0.847306684955083 1.07285172262046 1.21790477502973 1.4987268696431 1.75747867856146 2.12665490178758 2.39784694980794 2.77546830553257 3.11963995150124 3.34745193510588 3.93501763690545 4.82583097855566 5.58759006355154 6 6 6 6 6
GLY -1.17292601324087 -1.04592024507971 -0.734852300909302 -0.649777455896161 -0.464755764389347 -0.464752818880286 -0.324532138041534 -0.359339337206749 -0.320052259289076 -0.207515858358514 -0.26651355054715 -0.179684768530099 -0.253412157481208 -0.238799206462233 -0.133486979139237 -0.173608039959768 -0.0507263602570206 -0.08684197523113 0.0571176903875327 0.0718725089999428 0.195651715265913 0.412458652092508 0.478914322036446 0.717957535723295 0.835149126747738 1.11949752361705 1.56594785844514 1.91596838318623 2.48057218372983 2.94254119127395 3.59611538041653 4.07895704481121 4.67593846027374 5.42857094490457
GLN -0.54067063022813 -0.633326607845343 -0.639103421649158 -0.764473360445409 -0.754530378296405 -0.73922134081657 -0.729003668761254 -0.683250132239645 -0.613228366724996 -0.525705963845332 -0.335481413308496 -0.257169092504665 -0.116191968825781 -0.00175414732137925 0.109994062222922 0.216616815118275 0.320144236182239 0.534098925110444 0.690148286466398 1.01308676079593 1.39990303328992 1.77242610836584 2.04666232217166 2.25697111989998 2.5187916727636 2.98767946137862 3.4282592478402 3.93016843086659 4.49659849160354 6 6 6 6 6
HIS -0.132734748761567 -0.326143294586217 -0.296363758182275 -0.371050217916599 -0.285941427504898 -0.339895588733271 -0.270560150032705 -0.346122251437259 -0.353413287104541 -0.297826721282469 -0.393692813504369 -0.353234665805435 -0.427644655671735 -0.338325770835543 -0.36500174602582 -0.21747113702657 -0.176214888744356 -0.00139798716592644 0.0360953764490886 0.217912533636621 0.580774145910788 0.879428223717997 1.28607419070622 1.47663245847053 1.76484584878885 1.94199135300276 2.39959554168676 2.979232116252 6 6 6 6 6 6
ILE 0.937317955857071 0.747712109879428 0.720266775375599 0.532171091416014 0.509631399674746 0.325154419195012 0.290678940190802 0.125081023973616 0.093630858867821 -0.0824641469269862 -0.0794453615925746 -0.236638995644371 -0.284844949010277 -0.486300916972889 -0.525118325109718 -0.6904495865139 -0.668201862046369 -0.751409355761365 -0.65373648194623 -0.686399450225727 -0.551408181098638 -0.513655216737477 -0.267364417183534 -0.131860805969679 0.185969349373425 0.435829619153902 0.965713198414567 1.4967764699266 2.28486454734798 2.88623753185829 3.58515271014417 4.28029411296267 6 6
LEU 0.829148194013942 0.744413926106243 0.649805855481894 0.521657796596427 0.49003191661133 0.339965634367102 0.228999423549317 0.0785092111415116 0.0255430637473104 -0.146414100694544 -0.237431868412782 -0.328575010453652 -0.445548225104176 -0.477904172475822 -0.603654955671622 -0.652455909498839 -0.70468026972019 -0.639685108905831 -0.695269986575918 -0.656565447134362 -0.578319711665189 -0.435987420507542 -0.158026100363722 0.00959830844518088 0.313894839869427 0.718211742051032 1.26894015857656 1.6871602095895 2.21691034756697 2.92760187624861 3.92384271260074 5.22011825639519 6 6
LYS -0.789188906432659 -0.791706970394116 -1.01081958803688 -1.02955815886934 -0.969825241049898 -0.878369179138888 -0.845654425428301 -0.887523672214144 -0.722589258940367 -0.614753784838586 -0.535316063106978 -0.413788506668629 -0.277586552025863 0.0545741026867942 0.357798597690059 0.61749871675749 0.810934715935823 1.09247074137813 1.36934584035548 1.68132169349352 1.99196796540585 2.45262793590215 2.78947666507979 3.08996568861134 3.83778439225522 4.37148506064019 4.80272285168589 5.46523007392111 6 6 5.75362342628954 5.76377705494197 6 6
MET 0.552069997394714 0.307872341484727 0.126709376680688 0.0124468500123417 -0.117394390593248 -0.0784848566126566 -0.112904000136492 -0.145283668364819 -0.179772217985105 -0.224083049704064 -0.273341159440957 -0.391219584258407 -0.356201435008607 -0.400047702086429 -0.444893796310962 -0.478909364912923 -0.503943708235889 -0.520044604436514 -0.578783486116991 -0.433047287617477 -0.299141119691674 -0.0996585599608886 0.148740032082798 0.414458077599417 0.695349754144562 0.975240296450659 1.51297241206846 2.05652323983702 2.64953227673402 3.26751859796236 3.95605682259681 6 6 6
PHE 0.83239498597958 0.778000740320646 0.722668021107711 0.616970670272015 0.414730241658547 0.348325631791372 0.233291995208957 0.128419666684842 -0.100023316036865 -0.224020280589252 -0.385430625072127 -0.48107523187937 -0.541324890512774 -0.687205908794228 -0.70934711664308 -0.804656839651956 -0.848588272392609 -0.827916534913639 -0.840730336318909 -0.656939221752343 -0.490268586485757 -0.273837659081123 0.000623282743214287 0.296633898802822 0.834826607636247 1.33663936318972 1.80438512957958 2.19886605017842 2.95441534230971 3.94744909511188 5.05132063918406 5.37752236520139 5.44638929510451 6
PRO -1.03045707360209 -0.964682021629192 -0.799357796031081 -0.700480547773343 -0.664664369122383 -0.556273254508426 -0.594082357620008 -0.538103128896221 -0.476548959831276 -0.412692146527395 -0.345408790354475 -0.27518283855403 -0.118773327567405 -0.105637653553851 -0.0056600246437611 0.0622903082577501 0.106486698106896 0.170279375553169 0.250053299798778 0.400285152068737 0.40094574989311 0.535046811266082 0.744444778966487 1.02426664319065 1.35134685510743 1.69814192956261 2.10892674246487 2.36902637866293 2.76776053887658 3.2256871282036 3.7273746696298 4.26513286752552 4.92088471197371 6
SER -0.751212448310717 -0.864877416149658 -0.742815584012252 -0.774949483262298 -0.653100534000031 -0.596117106878946 -0.608118059844235 -0.485607964593645 -0.530297653507015 -0.408169500116121 -0.385958221201181 -0.206469538187479 -0.145296931381087 -0.188526443973504 -0.0824848251222602 -0.0845810735595877 0.113096296777071 0.16527586939404 0.356322420843093 0.483091676114207 0.543809708088909 0.754730839276894 0.847353590452584 1.1435343972478 1.34478106327034 1.74260607894922 2.11006831175217 2.4810320508703 3.07805302189544 3.59692216717938 4.30222162084105 4.9829257710814 6 6
THR -0.474314758324109 -0.630597022345445 -0.575784658307291 -0.61815203958809 -0.72265119311761 -0.635374094407161 -0.584389517677909 -0.593272964301982 -0.462892855528184 -0.408349655514835 -0.418672931900889 -0.280213573326215 -0.2833949553341 -0.130326025248964 -0.0787238764815603 -0.14321438594586 -0.0530166851670331 0.0153825805075598 0.069624879546837 0.305103694764885 0.399436716698457 0.644828970227451 0.816728850586958 0.933057060894126 1.23270769921643 1.48968415352315 1.72682740300396 2.20121336933661 2.70250933911902 3.22106919911403 3.8661967629055 4.44227998159384 6 6
TRP 1.10116960604471 1.05476123363641 0.82720989251634 0.663298689846247 0.366868522515801 0.291223800698747 0.185329422804087 -0.00506614663116007 -0.0472403181401512 -0.245073377325514 -0.335715598966937 -0.58350943408804 -0.634067434500059 -0.770220241124709 -0.706658455765132 -0.704393493064966 -0.806055887001057 -0.752802330808684 -0.761133966266604 -0.507899464790141 -0.322716825338545 0.054996986775287 0.341051055303165 0.835850554506498 1.25877254372087 1.61585913880847 2.07612123782138 2.31069964380314 2.73991714496572 3.19730928278291 3.99467295211882 6 6 6
TYR 0.50982537771951 0.451566569996733 0.234643606444495 0.157026066094147 0.0954750059044593 0.00923793371115619 0.0244668356500321 -0.183967418116557 -0.267857650066465 -0.46177548535555 -0.455312878906978 -0.594124181772148 -0.611635464824679 -0.772913946040494 -0.73324109519401 -0.763684986002288 -0.601652746120984 -0.591495241188071 -0.433533814408462 -0.382795646102427 -0.118489545700893 0.0523612422595979 0.402710779048734 0.662476243803945 1.20409968441462 1.74991564848637 2.53702346522088 3.30915641875235 4.27676119721828 5.37399473344243 5.30089571080894 5.42296943430482 6 6
VAL 0.631298727009699 0.469673980894929 0.326729309387889 0.277162540680852 0.111186545991263 0.0580813390977708 0.0123389162073941 -0.046324476074727 -0.106239596311716 -0.174267533455077 -0.183122006219073 -0.350945127751458 -0.419812673632903 -0.472117186951557 -0.539798303604592 -0.625522317495093 -0.616582509303735 -0.738272520495865 -0.735734589395401 -0.680603971647921 -0.572309721222089 -0.431759485377972 -0.202166576382006 -0.0890817701521861 0.199636132311308 0.575989430679169 1.00769634200092 1.47729597308701 2.01718833066491 2.79376448708004 3.59884237389885 4.46398258607421 4.99768639945275 5.56223269494289
